10
12
8 2 48 60 63 14 95 30 48 96 76 12
2
12 37
18
11 1 25 46 13 35 54 18 17 30 64 52 41 9 34 68 85 28
21
60 90 99 88 46 29 76 12 73 16 84 49 38 15 41 91 98 8 45 85 68
43
35 91 43 45 60 63 8 38 36 3 75 86 60 27 64 47 10 54 2 70 42 32 97 53 56 87 15 51 46 27 99 97 38 71 94 88 28 8 89 100 61 83 44
66
23 49 77 21 49 11 42 53 51 26 57 9 68 72 55 58 76 90 49 47 2 13 7 89 45 96 77 33 94 27 32 30 8 40 86 36 53 30 9 50 67 37 89 93 50 79 84 63 24 28 9 45 60 57 21 39 63 36 47 42 46 68 39 58 61 19
72
62 62 12 47 49 18 95 82 67 62 56 28 88 36 5 89 89 43 78 8 37 69 1 33 65 59 94 58 29 38 81 21 93 26 13 37 13 85 20 86 52 47 53 77 14 36 65 60 78 2 82 65 9 18 74 36 75 17 68 65 57 83 72 60 99 84 24 41 30 8 62 92
14
16 67 10 95 60 53 79 8 62 72 31 52 13 87
38
82 98 15 20 89 68 92 46 62 31 45 99 76 45 88 42 57 39 43 21 75 88 10 22 41 9 21 38 8 53 81 12 18 66 63 20 60 20
58
75 96 45 98 66 18 89 42 90 33 75 96 59 50 45 7 63 98 81 94 34 85 47 52 22 100 1 96 58 39 36 72 22 33 55 56 6 24 64 48 71 98 9 60 98 61 50 94 58 59 55 33 94 33 85 10 70 71
